0003 0039 0000087d
0003 003a 0000006b
0003 0035 000001c3
0003 0036 000003cd
0001 014a 00000001
0000 0000 00000000
0003 0035 000001b6
0003 0036 000003cc
0000 0000 00000000
0003 0035 0000019c
0003 0036 000003cb
0000 0000 00000000
0003 0035 00000175
0003 0036 000003ca
0000 0000 00000000
0003 0035 0000014f
0003 0036 000003c9
0000 0000 00000000
0003 0035 00000127
0000 0000 00000000
0003 0035 00000100
0003 0036 000003cb
0000 0000 00000000
0003 0035 000000d9
0003 0036 000003cc
0000 0000 00000000
0003 0035 000000b4
0003 0036 000003d0
0000 0000 00000000
0003 003a 0000006a
0003 0035 0000008f
0003 0036 000003d5
0000 0000 00000000
0003 0035 0000006b
0003 0036 000003dc
0000 0000 00000000
0003 0039 ffffffff
0001 014a 00000000
0000 0000 00000000
0003 0039 0000087e
0003 003a 00000076
0003 0030 00000005
0003 0035 000000e6
0003 0036 000003c1
0001 014a 00000001
0000 0000 00000000
0003 0035 000000eb
0003 0036 000003bf
0000 0000 00000000
0003 0035 000000f6
0003 0036 000003bb
0000 0000 00000000
0003 0035 0000010b
0003 0036 000003b8
0000 0000 00000000
0003 0035 00000127
0003 0036 000003b7
0000 0000 00000000
0003 0035 0000014c
0003 0036 000003b9
0000 0000 00000000
0003 0035 00000178
0003 0036 000003bf
0000 0000 00000000
0003 0035 000001a9
0003 0036 000003c5
0000 0000 00000000
0003 003a 00000075
0003 0035 000001db
0003 0036 000003cd
0000 0000 00000000
0003 003a 00000074
0003 0035 0000020c
0003 0036 000003d6
0000 0000 00000000
0003 003a 00000073
0003 0035 0000023d
0003 0036 000003e2
0000 0000 00000000
0003 003a 00000072
0003 0030 00000004
0003 0035 0000026a
0003 0036 000003ed
0000 0000 00000000
0003 0035 00000294
0003 0036 000003f8
0000 0000 00000000
0003 0039 ffffffff
0001 014a 00000000
0000 0000 00000000
0003 0039 0000087f
0003 003a 00000070
0003 0030 00000006
0003 0035 00000203
0003 0036 00000388
0001 014a 00000001
0000 0000 00000000
0003 0035 000001f8
0003 0036 00000383
0000 0000 00000000
0003 0035 000001e1
0003 0036 0000037c
0000 0000 00000000
0003 0035 000001bd
0003 0036 00000373
0000 0000 00000000
0003 0035 00000196
0003 0036 0000036d
0000 0000 00000000
0003 0035 00000169
0003 0036 0000036c
0000 0000 00000000
0003 003a 0000006f
0003 0035 0000013a
0003 0036 0000036f
0000 0000 00000000
0003 003a 0000006e
0003 0030 00000005
0003 0035 00000109
0003 0036 00000374
0000 0000 00000000
0003 0035 000000d9
0003 0036 0000037d
0000 0000 00000000
0003 0039 ffffffff
0001 014a 00000000
0000 0000 00000000
0003 0039 00000880
0003 003a 00000038
0003 0030 00000004
0003 0035 00000110
0003 0036 0000039e
0001 014a 00000001
0000 0000 00000000
0003 003a 00000039
0000 0000 00000000
0003 003a 0000003a
0003 0035 00000116
0003 0036 0000039c
0000 0000 00000000
0003 003a 0000003b
0003 0035 00000126
0003 0036 0000039a
0000 0000 00000000
0003 003a 0000003c
0003 0035 00000141
0003 0036 00000396
0000 0000 00000000
0003 003a 0000003d
0003 0035 00000161
0003 0036 00000393
0000 0000 00000000
0003 003a 0000003e
0003 0035 00000183
0003 0036 00000392
0000 0000 00000000
0003 003a 0000003f
0003 0035 000001a9
0003 0036 00000393
0000 0000 00000000
0003 003a 00000040
0003 0035 000001d0
0003 0036 00000397
0000 0000 00000000
0003 003a 00000041
0003 0035 000001fa
0003 0036 0000039b
0000 0000 00000000
0003 003a 00000042
0003 0035 00000224
0003 0036 000003a4
0000 0000 00000000
0003 0035 0000024c
0003 0036 000003ad
0000 0000 00000000
0003 003a 00000041
0003 0035 00000272
0003 0036 000003b8
0000 0000 00000000
0003 0035 00000295
0003 0036 000003c2
0000 0000 00000000
0003 0039 ffffffff
0001 014a 00000000
0000 0000 00000000
0003 0039 00000881
0003 003a 00000042
0003 0030 00000003
0003 0035 00000281
0003 0036 000003d9
0001 014a 00000001
0000 0000 00000000
0003 003a 00000043
0000 0000 00000000
0003 003a 00000044
0000 0000 00000000
0003 003a 00000045
0003 0035 00000274
0003 0036 000003d6
0000 0000 00000000
0003 003a 00000046
0003 0030 00000004
0003 0035 0000025c
0003 0036 000003d3
0000 0000 00000000
0003 003a 00000047
0003 0035 00000237
0003 0036 000003ce
0000 0000 00000000
0003 003a 00000048
0003 0035 00000210
0003 0036 000003cb
0000 0000 00000000
0003 003a 00000049
0003 0035 000001e6
0000 0000 0