0003 0039 000041a3
0003 003a 00000017
0003 0030 00000002
0003 0035 0000015d
0003 0036 0000059f
0001 014a 00000001
0000 0000 00000000
0003 003a 00000018
0000 0000 00000000
0003 003a 00000019
0000 0000 00000000
0003 003a 0000001a
0003 0030 00000003
0003 0035 0000015c
0003 0036 00000595
0000 0000 00000000
0003 003a 0000001b
0003 0035 0000015b
0003 0036 00000575
0000 0000 00000000
0003 003a 0000001c
0003 0030 00000004
0003 0036 0000054e
0000 0000 00000000
0003 003a 0000001d
0003 0030 00000005
0003 0035 00000158
0003 0036 00000521
0000 0000 00000000
0003 003a 0000001e
0003 0035 00000155
0003 0036 000004ec
0000 0000 00000000
0003 003a 0000001f
0003 0035 00000150
0003 0036 000004b3
0000 0000 00000000
0003 003a 00000020
0003 0035 0000014a
0003 0036 0000047a
0000 0000 00000000
0003 003a 00000021
0003 0030 00000006
0003 0035 00000143
0003 0036 00000444
0000 0000 00000000
0003 003a 00000022
0003 0035 0000013d
0003 0036 00000411
0000 0000 00000000
0003 003a 00000023
0003 0035 00000136
0003 0036 000003e2
0000 0000 00000000
0003 0035 0000012e
0003 0036 000003b4
0000 0000 00000000
0003 0039 ffffffff
0001 014a 00000000
0000 0000 00000000
0003 0039 000041a4
0003 003a 0000003e
0003 0030 00000004
0003 0035 00000190
0003 0036 00000390
0001 014a 00000001
0000 0000 00000000
0003 003a 0000003f
0000 0000 00000000
0003 003a 00000040
0000 0000 00000000
0003 003a 00000041
0003 0035 00000198
0003 0036 0000038f
0000 0000 00000000
0003 003a 00000042
0003 0030 00000005
0003 0035 000001a7
0003 0036 0000038e
0000 0000 00000000
0003 003a 00000043
0003 0035 000001be
0003 0036 0000038d
0000 0000 00000000
0003 003a 00000044
0003 0035 000001dc
0003 0036 0000038f
0000 0000 00000000
0003 003a 00000045
0003 0035 00000202
0003 0036 00000393
0000 0000 00000000
0003 003a 00000046
0003 0035 0000022f
0003 0036 0000039c
0000 0000 00000000
0003 003a 00000047
0003 0035 0000025e
0003 0036 000003ab
0000 0000 00000000
0003 003a 00000046
0003 0030 00000004
0003 0035 00000287
0003 0036 000003be
0000 0000 00000000
0003 0035 000002b5
0003 0036 000003d5
0000 0000 00000000
0003 0039 ffffffff
0001 014a 00000000
0000 0000 00000000
0003 0039 000041a5
0003 003a 00000034
0003 0030 00000002
0003 0035 000002cf
0003 0036 000003dc
0001 014a 00000001
0000 0000 00000000
0003 003a 00000035
0003 0030 00000003
0000 0000 00000000
0003 003a 00000036
0003 0030 00000004
0003 0035 000002c6
0003 0036 000003d0
0000 0000 00000000
0003 003a 00000037
0003 0035 00000298
0003 0036 000003be
0000 0000 00000000
0003 003a 00000038
0003 0030 00000005
0003 0035 00000269
0003 0036 000003a9
0000 0000 00000000
0003 003a 00000039
0003 0035 00000226
0003 0036 00000398
0000 0000 00000000
0003 003a 0000003a
0003 0035 000001d9
0003 0036 0000038e
0000 0000 00000000
0003 0035 00000183
0003 0036 00000389
0000 0000 00000000
0003 0039 ffffffff
0001 014a 00000000
0000 0000 00000000
0003 0039 000041a6
0003 003a 0000005b
0003 0035 000001de
0003 0036 000003a2
0001 014a 00000001
0000 0000 00000000
0003 003a 0000005c
0000 0000 00000000
0003 003a 0000005d
0000 0000 00000000
0003 003a 0000005e
0003 0035 000001cc
0003 0036 0000039e
0000 0000 00000000
0003 003a 0000005f
0003 0035 000001a9
0003 0036 00000399
0000 0000 00000000
0003 003a 00000060
0003 0035 00000172
0003 0036 00000394
0000 0000 00000000
0003 003a 0000005f
0003 0035 00000131
0000 0000 00000000
0003 0035 000000e2
0003 0036 00000399
0000 0000 00000000
0003 0039 ffffffff
0001 014a 00000000
0000 0000 00000000
0003 0039 000041a7
0003 003a 0000003f
0003 0030 00000004
0003 0035 000000d6
0003 0036 000003a2
0001 014a 00000001
0000 0000 00000000
0003 003a 00000040
0000 0000 00000000
0003 003a 00000041
0003 0035 000000dc
0003 0036 0000039f
0000 0000 00000000
0003 003a 00000042
0003 0030 00000005
0003 0035 000000f0
0003 0036 00000399
0000 0000 00000000
0003 003a 00000043
0003 0035 00000111
0003 0036 00000390
0000 0000 00000000
0003 003a 00000044
0003 0035 0000013d
0003 0036 00000388
0000 0000 00000000
0003 003a 00000045
0003 0035 0000016b
0003 0036 00000384
0000 0000 00000000
0003 003a 00000046
0003 0035 0000019e
0000 0000 00000000
0003 003a 00000047
0003 0035 000001d4
0003 0036 0