0003 0039 00004198
0003 003a 00000026
0003 0030 00000002
0003 0035 00000164
0003 0036 0000059f
0001 014a 00000001
0000 0000 00000000
0003 003a 00000027
0000 0000 00000000
0003 003a 00000028
0000 0000 00000000
0003 003a 00000029
0003 0030 00000003
0000 0000 00000000
0003 003a 0000002a
0003 0035 00000167
0003 0036 00000598
0000 0000 00000000
0003 003a 0000002b
0003 0035 00000169
0003 0036 0000058e
0000 0000 00000000
0003 003a 0000002c
0003 0035 0000016c
0003 0036 0000057f
0000 0000 00000000
0003 003a 0000002d
0003 0035 0000016e
0003 0036 00000568
0000 0000 00000000
0003 003a 0000002e
0003 0030 00000004
0003 0035 00000170
0003 0036 00000558
0000 0000 00000000
0003 003a 0000002f
0003 0036 00000544
0000 0000 00000000
0003 003a 00000030
0003 0035 0000016f
0003 0036 0000052c
0000 0000 00000000
0003 003a 00000031
0003 0035 0000016e
0003 0036 0000050f
0000 0000 00000000
0003 003a 00000032
0003 0035 0000016d
0003 0036 000004f0
0000 0000 00000000
0003 003a 00000033
0003 0035 0000016c
0003 0036 000004cb
0000 0000 00000000
0003 003a 00000034
0003 0035 00000169
0003 0036 000004a0
0000 0000 00000000
0003 003a 00000035
0003 0035 00000167
0003 0036 0000046e
0000 0000 00000000
0003 003a 00000036
0003 0035 00000161
0003 0036 00000435
0000 0000 00000000
0003 003a 00000037
0003 0035 00000157
0003 0036 000003f4
0000 0000 00000000
0003 003a 00000038
0003 0035 0000014a
0003 0036 000003b2
0000 0000 00000000
0003 003a 00000039
0003 0035 00000138
0003 0036 00000370
0000 0000 00000000
0003 003a 0000003a
0003 0035 00000124
0003 0036 00000333
0000 0000 00000000
0003 0035 0000010c
0003 0036 000002fa
0000 0000 00000000
0003 0035 000000f1
0003 0036 000002c6
0000 0000 00000000
0003 0039 ffffffff
0001 014a 00000000
0000 0000 00000000
0003 0039 00004199
0003 003a 0000007f
0003 0030 00000007
0003 0035 00000242
0003 0036 000003a9
0001 014a 00000001
0000 0000 00000000
0003 0035 0000023d
0003 0036 000003a4
0000 0000 00000000
0003 0035 00000231
0003 0036 00000399
0000 0000 00000000
0003 0035 00000217
0003 0036 00000387
0000 0000 00000000
0003 0035 000001f0
0003 0036 00000376
0000 0000 00000000
0003 0035 000001bd
0003 0036 0000036a
0000 0000 00000000
0003 0035 00000181
0003 0036 00000363
0000 0000 00000000
0003 003a 0000007e
0003 0030 00000006
0003 0035 00000140
0003 0036 00000361
0000 0000 00000000
0003 0035 000000f8
0003 0036 00000365
0000 0000 00000000
0003 0039 ffffffff
0001 014a 00000000
0000 0000 00000000
0003 0039 0000419a
0003 003a 0000005f
0003 0035 000000cb
0003 0036 000003ae
0001 014a 00000001
0000 0000 00000000
0003 003a 00000060
0000 0000 00000000
0003 003a 00000061
0000 0000 00000000
0003 003a 00000062
0003 0035 000000d0
0000 0000 00000000
0003 003a 00000063
0003 0035 000000e2
0003 0036 000003ab
0000 0000 00000000
0003 003a 00000064
0003 0035 00000101
0003 0036 000003a8
0000 0000 00000000
0003 003a 00000065
0003 0035 0000012d
0000 0000 00000000
0003 0035 00000163
0003 0036 000003ad
0000 0000 00000000
0003 003a 00000064
0003 0035 000001a3
0003 0036 000003b7
0000 0000 00000000
0003 0035 000001ea
0003 0036 000003c6
0000 0000 00000000
0003 0039 ffffffff
0001 014a 00000000
0000 0000 00000000
0003 0039 0000419b
0003 003a 0000007f
0003 0030 00000005
0003 0035 0000025c
0003 0036 000003d2
0001 014a 00000001
0000 0000 00000000
0003 0035 00000257
0000 0000 00000000
0003 0035 00000237
0003 0036 000003c5
0000 0000 00000000
0003 0035 000001ff
0003 0036 000003b4
0000 0000 00000000
0003 0035 000001b3
0003 0036 000003a1
0000 0000 00000000
0003 0035 00000162
0003 0036 0000039b
0000 0000 00000000
0003 003a 0000007e
0003 0035 0000010b
0000 0000 00000000
0003 0035 000000a9
0003 0036 000003a0
0000 0000 00000000
0003 0039 ffffffff
0001 014a 00000000
0000 0000 00000000
0003 0039 0000419c
0003 003a 00000049
0003 0030 00000004
0003 0035 000000b0
0003 0036 000003c8
0001 014a 00000001
0000 0000 00000000
0003 003a 0000004a
0003 0030 00000005
0000 0000 00000000
0003 003a 0000004b
0003 0035 000000c2
0003 0036 000003c7
0000 0000 00000000
0003 003a 0000004c
0003 0035 000000f1
0003 0036 000003c8
0000 0000 00000000
0003 003a 0000004d
0003 0035 0000013e
0003 0036 000003ce
0000 0000 00000000
0003 003a 0000004e
0003 0035 0000019d
0003 0036 000003df
0000 0000 00000000
0003 003a 0000004f
0003 0035 00000201
0003 0036 000003fb
0000 0000 00000000
0003 0035 00000266
0003 0036 0000041e
0000 0000 00000000
0003 0039 ffffffff
0001 014a 00000000
0000 0000 00000000
0003 0039 0000419d
0003 003a 0000007f
0003 0030 00000008
0003 0035 00000277
0003 0036 000002c3
0001 014a 00000001
0000 0000 00000000
0003 0030 00000007
0000 0000 00000000
0003 003a 0000007e
0003 0030 00000006
0000 0000 00000000
0003 0039 ffffffff
0001 014a 00000000
0000 0000 00000000
0003 0039 0000419e
0003 003a 00000027
0003 0030 00000003
0003 0035 00000167
0003 0036 0000059f
0001 014a 00000001
0000 0000 00000000
0003 0039 ffffffff
0001 014a 00000000
0000 0000 00000000
0003 0039 0000419f
0003 003a 0000004b
0003 0030 00000004
0003 0035 000001c1
0003 0036 000003df
0001 014a 00000001
0000 0000 00000000
0003 003a 0000004c
0000 0000 00000000
0003 003a 0000004d
0000 0000 00000000
0003 003a 0000004e
0003 0035 000001bd
0003 0036 000003d8
0000 0000 00000000
0003 003a 0000004f
0003 0035 000001b6
0003 0036 000003cb
0000 0000 00000000
0003 003a 00000050
0003 0035 000001a5
0003 0036 000003b7
0000 0000 00000000
0003 003a 00000051
0003 0035 00000187
0003 0036 000003a3
0000 0000 00000000
0003 003a 00000052
0003 0030 00000005
0003 0035 0000015c
0003 0036 00000390
0000 0000 00000000
0003 003a 00000053
0003 0035 00000124
0003 0036 00000383
0000 0000 00000000
0003 0035 000000e5
0003 0036 0000037c
0000 0000 00000000
0003 003a 00000052
0003 0030 00000004
0003 0035 000000a1
0000 0000 00000000
0003 0035 0000005f
0003 0036 00000380
0000 0000 00000000
0003 0039 ffffffff
0001 014a 00000000
0000 0000 00000000
0003 0039 000041a0
0003 003a 0000007f
0003 0030 00000006
0003 0035 000000df
0003 0036 0000038b
0001 014a 00000001
0000 0000 00000000
0003 0035 000000ec
0000 0000 00000000
0003 0035 00000108
0003 0036 0000038d
0000 0000 00000000
0003 0035 00000135
0003 0036 00000391
0000 0000 00000000
0003 0035 00000167
0003 0036 0000039b
0000 0000 00000000
0003 003a 0000007e
0003 0035 0000019b
0003 0036 000003a8
0000 0000 00000000
0003 003a 0000007d
0003 0035 000001cf
0003 0036 000003b8
0000 0000 00000000
0003 003a 0000007c
0003 0030 00000005
0003 0035 000001fe
0003 0036 000003ca
0000 0000 00000000
0003 0035 0000022a
0003 0036 000003db
0000 0000 00000000
0003 0039 ffffffff
0001 014a 00000000
0000 0000 00000000
0003 0039 000041a1
0003 003a 00000026
0003 0030 00000003
0003 0035 00000279
0003 0036 000003de
0001 014a 00000001
0000 0000 00000000
0003 003a 00000027
0000 0000 00000000
0003 003a 00000028
0003 0035 0000026d
0003 0036 000003da
0000 0000 00000000
0003 003a 00000029
0003 0030 00000004
0003 0035 00000252
0003 0036 000003d1
0000 0000 00000000
0003 003a 0000002a
0003 0035 00000223
0003 0036 000003c2
0000 0000 00000000
0003 003a 0000002b
0003 0035 000001eb
0003 0036 000003b4
0000 0000 00000000
0003 003a 0000002c
0003 0035 000001ab
0003 0036 000003a8
0000 0000 00000000
0003 003a 0000002d
0003 0035 00000166
0003 0036 000003a0
0000 0000 00000000
0003 003a 0000002e
0003 0035 00000121
0003 0036 0000039c
0000 0000 00000000
0003 0035 000000dc
0000 0000 00000000
0003 0039 ffffffff
0001 014a 00000000
0000 0000 00000000
0003 0039 000041a2
0003 003a 00000026
0003 0030 00000002
0003 0035 00000131
0003 0036 0000038f
0001 014a 00000001
0000 0000 00000000
0003 003a 00000027
0000 0000 00000000
0003 003a 00000028
0003 0035 00000136
0003 0036 0000038e
0000 0000 00000000
0003 003a 00000029
0003 0035 0000013f
0003 0036 0000038d
0000 0000 00000000
0003 003a 0000002a
0003 0035 0000014e
0003 0036 0000038b
0000 0000 00000000
0003 003a 0000002b
0003 0035 0000015d
0003 0036 00000389
0000 0000 00000000
0003 003a 0000002c
0003 0030 00000003
0003 0035 0000016c
0003 0036 00000388
0000 0000 00000000
0003 003a 0000002d
0003 0035 0000017e
0000 0000 00000000
0003 003a 0000002e
0003 0035 00000191
0000 0000 00000000
0003 003a 0000002f
0003 0035 000001a5
0003 0036 00000389
0000 0000 00000000
0003 003a 00000030
0003 0035 000001b9
0003 0036 0000038a
0000 0000 00000000
0003 003a 00000031
0003 0035 000001d0
0003 0036 0000038c
000