0003 0039 0000418e
0003 003a 0000002d
0003 0030 00000002
0003 0035 00000150
0003 0036 0000059f
0001 014a 00000001
0000 0000 00000000
0003 003a 0000002e
0000 0000 00000000
0003 003a 0000002f
0003 0036 0000059a
0000 0000 00000000
0003 003a 00000030
0003 0030 00000003
0003 0035 00000152
0003 0036 00000586
0000 0000 00000000
0003 003a 00000031
0003 0035 00000156
0003 0036 00000563
0000 0000 00000000
0003 003a 00000032
0003 0030 00000004
0003 0035 00000158
0003 0036 00000546
0000 0000 00000000
0003 003a 00000033
0003 0035 0000015a
0003 0036 00000523
0000 0000 00000000
0003 003a 00000034
0003 0035 00000158
0003 0036 000004f9
0000 0000 00000000
0003 003a 00000035
0003 0035 00000154
0003 0036 000004c8
0000 0000 00000000
0003 003a 00000036
0003 0035 0000014d
0003 0036 00000491
0000 0000 00000000
0003 003a 00000037
0003 0035 00000142
0003 0036 00000455
0000 0000 00000000
0003 0035 00000133
0003 0036 00000414
0000 0000 00000000
0003 0035 00000121
0003 0036 000003d1
0000 0000 00000000
0003 0039 ffffffff
0001 014a 00000000
0000 0000 00000000
0003 0039 0000418f
0003 003a 0000006d
0003 0030 00000006
0003 0035 000001cb
0003 0036 000003f4
0001 014a 00000001
0000 0000 00000000
0003 0035 000001c6
0000 0000 00000000
0003 003a 0000006e
0003 0035 000001b5
0003 0036 000003e9
0000 0000 00000000
0003 003a 0000006f
0003 0035 00000198
0003 0036 000003d9
0000 0000 00000000
0003 003a 00000070
0003 0035 00000170
0003 0036 000003c3
0000 0000 00000000
0003 0035 00000144
0003 0036 000003b3
0000 0000 00000000
0003 0035 00000111
0003 0036 000003a8
0000 0000 00000000
0003 0035 000000d9
0003 0036 000003a1
0000 0000 00000000
0003 0035 000000a0
0003 0036 000003a0
0000 0000 00000000
0003 003a 0000006f
0003 0030 00000005
0003 0035 0000006c
0003 0036 000003a3
0000 0000 00000000
0003 0035 0000003f
0003 0036 000003a8
0000 0000 00000000
0003 0039 ffffffff
0001 014a 00000000
0000 0000 00000000
0003 0039 00004190
0003 003a 00000048
0003 0030 00000004
0003 0035 00000155
0003 0036 00000562
0001 014a 00000001
0000 0000 00000000
0003 003a 00000049
0000 0000 00000000
0003 003a 0000004a
0000 0000 00000000
0003 003a 0000004b
0000 0000 00000000
0003 003a 0000004c
0000 0000 00000000
0003 003a 0000004d
0000 0000 00000000
0003 003a 0000004c
0000 0000 00000000
0003 0039 ffffffff
0001 014a 00000000
0000 0000 00000000
0003 0039 00004191
0003 003a 00000077
0003 0035 000001f6
0003 0036 000003d5
0001 014a 00000001
0000 0000 00000000
0003 0035 000001eb
0003 0036 000003cf
0000 0000 00000000
0003 0030 00000005
0003 0035 000001d1
0003 0036 000003c4
0000 0000 00000000
0003 0035 000001a5
0003 0036 000003b6
0000 0000 00000000
0003 0035 00000171
0003 0036 000003ab
0000 0000 00000000
0003 0035 0000013c
0003 0036 000003a5
0000 0000 00000000
0003 0035 00000105
0003 0036 000003a4
0000 0000 00000000
0003 003a 00000076
0003 0035 000000cd
0003 0036 000003a7
0000 0000 00000000
0003 003a 00000075
0003 0035 00000098
0003 0036 000003ac
0000 0000 00000000
0003 0035 00000064
0003 0036 000003b3
0000 0000 00000000
0003 0039 ffffffff
0001 014a 00000000
0000 0000 00000000
0003 0039 00004192
0003 003a 00000064
0003 0030 00000006
0003 0035 000000a0
0003 0036 000003b8
0001 014a 00000001
0000 0000 00000000
0003 003a 00000065
0000 0000 00000000
0003 003a 00000066
0000 0000 00000000
0003 003a 00000067
0003 0035 000000a8
0003 0036 000003b9
0000 0000 00000000
0003 003a 00000068
0003 0035 000000c2
0003 0036 000003c1
0000 0000 00000000
0003 0035 000000f2
0003 0036 000003cf
0000 0000 00000000
0003 003a 00000067
0003 0035 00000135
0003 0036 000003e8
0000 0000 00000000
0003 003a 00000066
0003 0030 00000005
0003 0035 00000180
0003 0036 00000406
0000 0000 00000000
0003 0035 000001d1
0003 0036 0000042b
0000 0000 00000000
0003 0039 ffffffff
0001 014a 00000000
0000 0000 00000000
0003 0039 00004193
0003 003a 00000056
0003 0030 00000004
0003 0035 0000026b
0003 0036 000002a3
0001 014a 00000001
0000 0000 00000000
0003 003a 00000057
0003 0030 00000005
0000 0000 00000000
0003 003a 00000058
0000 0000 00000000
0003 003a 00000059
0003 0030 00000006
0000 0000 00000000
0003 003a 0000005a
0000 0000 00000000
0003 003a 0000005b
0000 0000 0